10 20
0 5 7.663238
4.259847 4.05 7.746859
5.818686 3.2 7.582707
6.942897 2.45 7.276125
7.862374 1.8 7.090526
8.665906 1.25 7.240216
9.399218 0.8 7.681906
10.089826 0.45 8.080798
10.756095 0.2 8.009646
11.411261 0.05 7.26032
12.065477 0 6.044332
12.726956 0.05 4.919087
13.402655 0.2 4.466015
14.098727 0.45 4.928918
14.820817 0.8 6.058755
15.574288 1.25 7.272174
16.364392 1.8 8.014197
17.196411 2.45 8.078208
18.075793 3.2 7.676338
19.008271 4.05 7.236514
0 5.198721 7.746859
4.259847 4.248721 7.83048
5.818686 3.398721 7.666328
6.942897 2.648721 7.359746
7.862374 1.998721 7.174147
8.665906 1.448721 7.323837
9.399218 0.998721 7.765527
10.089826 0.648721 8.164419
10.756095 0.398721 8.093266
11.411261 0.248721 7.343941
12.065477 0.198721 6.127953
12.726956 0.248721 5.002708
13.402655 0.398721 4.549636
14.098727 0.648721 5.012538
14.820817 0.998721 6.142376
15.574288 1.448721 7.355795
16.364392 1.998721 8.097818
17.196411 2.648721 8.161829
18.075793 3.398721 7.759959
19.008271 4.248721 7.320135
0 5.794883 7.582707
4.259847 4.844883 7.666328
5.818686 3.994883 7.502176
6.942897 3.244883 7.195594
7.862374 2.594883 7.009995
8.665906 2.044883 7.159685
9.399218 1.594883 7.601375
10.089826 1.244883 8.000267
10.756095 0.994883 7.929114
11.411261 0.844883 7.179789
12.065477 0.794883 5.963801
12.726956 0.844883 4.838556
13.402655 0.994883 4.385484
14.098727 1.244883 4.848386
14.820817 1.594883 5.978224
15.574288 2.044883 7.191643
16.364392 2.594883 7.933666
17.196411 3.244883 7.997677
18.075793 3.994883 7.595807
19.008271 4.844883 7.155983
0 6.788487 7.276125
4.259847 5.838487 7.359746
5.818686 4.988487 7.195594
6.942897 4.238487 6.889013
7.862374 3.588487 6.703413
8.665906 3.038487 6.853104
9.399218 2.588487 7.294794
10.089826 2.238487 7.693685
10.756095 1.988487 7.622533
11.411261 1.838487 6.873207
12.065477 1.788487 5.65722
12.726956 1.838487 4.531974
13.402655 1.988487 4.078902
14.098727 2.238487 4.541805
14.820817 2.588487 5.671642
15.574288 3.038487 6.885061
16.364392 3.588487 7.627085
17.196411 4.238487 7.691095
18.075793 4.988487 7.289225
19.008271 5.838487 6.849402
0 8.179533 7.090526
4.259847 7.229533 7.174147
5.818686 6.379533 7.009995
6.942897 5.629533 6.703413
7.862374 4.979533 6.517813
8.665906 4.429533 6.667504
9.399218 3.979533 7.109194
10.089826 3.629533 7.508086
10.756095 3.379533 7.436933
11.411261 3.229533 6.687607
12.065477 3.179533 5.47162
12.726956 3.229533 4.346374
13.402655 3.379533 3.893303
14.098727 3.629533 4.356205
14.820817 3.979533 5.486043
15.574288 4.429533 6.699462
16.364392 4.979533 7.441485
17.196411 5.629533 7.505496
18.075793 6.379533 7.103625
19.008271 7.229533 6.663802
0 9.968021 7.240216
4.259847 9.018021 7.323837
5.818686 8.168021 7.159685
6.942897 7.418021 6.853104
7.862374 6.768021 6.667504
8.665906 6.218021 6.817195
9.399218 5.768021 7.258885
10.089826 5.418021 7.657777
10.756095 5.168021 7.586624
11.411261 5.018021 6.837298
12.065477 4.968021 5.621311
12.726956 5.018021 4.496065
13.402655 5.168021 4.042993
14.098727 5.418021 4.505896
14.820817 5.768021 5.635734
15.574288 6.218021 6.849152
16.364392 6.768021 7.591176
17.196411 7.418021 7.655186
18.075793 8.168021 7.253316
19.008271 9.018021 6.813493
0 12.15395 7.681906
4.259847 11.20395 7.765527
5.818686 10.35395 7.601375
6.942897 9.60395 7.294794
7.862374 8.95395 7.109194
8.665906 8.40395 7.258885
9.399218 7.95395 7.700575
10.089826 7.60395 8.099467
10.756095 7.35395 8.028314
11.411261 7.20395 7.278988
12.065477 7.15395 6.063001
12.726956 7.20395 4.937755
13.402655 7.35395 4.484683
14.098727 7.60395 4.947586
14.820817 7.95395 6.077423
15.574288 8.40395 7.290842
16.364392 8.95395 8.032866
17.196411 9.60395 8.096876
18.075793 10.35395 7.695006
19.008271 11.20395 7.255183
0 14.73732 8.080798
4.259847 13.78732 8.164419
5.818686 12.93732 8.000267
6.942897 12.18732 7.693685
7.862374 11.53732 7.508086
8.665906 10.98732 7.657777
9.399218 10.53732 8.099467
10.089826 10.18732 8.498358
10.756095 9.93732 8.427206
11.411261 9.78732 7.67788
12.065477 9.73732 6.461892
12.726956 9.78732 5.336647
13.402655 9.93732 4.883575
14.098727 10.18732 5.346478
14.820817 10.53732 6.476315
15.574288 10.98732 7.689734
16.364392 11.53732 8.431758
17.196411 12.18732 8.495768
18.075793 12.93732 8.093898
19.008271 13.78732 7.654074
0 17.718133 8.009646
4.259847 16.768133 8.093266
5.818686 15.918133 7.929114
6.942897 15.168133 7.622533
7.862374 14.518133 7.436933
8.665906 13.968133 7.586624
9.399218 13.518133 8.028314
10.089826 13.168133 8.427206
10.756095 12.918133 8.356053
11.411261 12.768133 7.606727
12.065477 12.718133 6.39074
12.726956 12.768133 5.265494
13.402655 12.918133 4.812423
14.098727 13.168133 5.275325
14.820817 13.518133 6.405163
15.574288 13.968133 7.618582
16.364392 14.518133 8.360605
17.196411 15.168133 8.424615
18.075793 15.918133 8.022745
19.008271 16.768133 7.582922
0 21.096387 7.26032
4.259847 20.146387 7.343941
5.818686 19.296387 7.179789
6.942897 18.546387 6.873207
7.862374 17.896387 6.687607
8.665906 17.346387 6.837298
9.399218 16.896387 7.278988
10.089826 16.546387 7.67788
10.756095 16.296387 7.606727
11.411261 16.146387 6.857402
12.065477 16.096387 5.641414
12.726956 16.146387 4.516169
13.402655 16.296387 4.063097
14.098727 16.546387 4.525999
14.820817 16.896387 5.655837
15.574288 17.346387 6.869256
16.364392 17.896387 7.611279
17.196411 18.546387 7.67529
18.075793 19.296387 7.273419
19.008271 20.146387 6.833596

